{
  "advancedEditorSelectedIdentifier" : "ProjectBrowser",
  "openSceneRelativePaths" : [
    "Materials\/GridMaterial.usda",
    "TrainStation.usda",
    "ParkingLot.usda"
  ],
  "recentIdentifiers" : {
    "CEABA6FD-A7A6-4368-A409-D4F6F0B7587D" : [

    ]
  },
  "sceneCameraHistory" : {
    "B7B58F1E-4FF1-41CA-A5ED-4F5714FA2889" : [
      {
        "date" : 750068980.214684,
        "title" : "Untitled",
        "transform" : [
          -0.7040535,
          -1.3869851e-08,
          -0.7101469,
          0,
          -0.27242357,
          0.92349285,
          0.27008608,
          0,
          0.65581554,
          0.38361576,
          -0.6501883,
          0,
          9.005196,
          5.267549,
          -8.927947,
          1
        ]
      },
      {
        "date" : 750068966.897644,
        "title" : "Untitled",
        "transform" : [
          -0.07342621,
          -1.2072388e-08,
          -0.9973006,
          0,
          -0.19930658,
          0.97982734,
          0.014673974,
          0,
          0.9771824,
          0.19984603,
          -0.071945034,
          0,
          13.417993,
          2.74415,
          -0.98791385,
          1
        ]
      },
      {
        "date" : 750068964.856209,
        "title" : "Untitled",
        "transform" : [
          0.49253538,
          -1.2484406e-08,
          -0.8702924,
          0,
          -0.049516823,
          0.99838006,
          -0.028023627,
          0,
          0.8688826,
          0.056896735,
          0.49173748,
          0,
          11.9309025,
          0.7812693,
          6.752187,
          1
        ]
      },
      {
        "date" : 750068944.139301,
        "title" : "Untitled",
        "transform" : [
          0.5843285,
          -1.5379285e-08,
          -0.8115173,
          0,
          -0.37154183,
          0.8890367,
          -0.26752657,
          0,
          0.7214686,
          0.45783597,
          0.5194894,
          0,
          9.906716,
          6.2866898,
          7.1332574,
          1
        ]
      },
      {
        "date" : 750068936.88068,
        "title" : "Untitled",
        "transform" : [
          0.5136842,
          -1.2613061e-08,
          -0.85797936,
          0,
          -0.1234173,
          0.98960006,
          -0.07389165,
          0,
          0.8490564,
          0.1438465,
          0.50834197,
          0,
          2.1959145,
          0.3720303,
          1.3147244,
          1
        ]
      },
      {
        "date" : 750068908.000362,
        "title" : "Untitled",
        "transform" : [
          0.8557633,
          -1.2772178e-08,
          -0.51736754,
          0,
          -0.21745837,
          0.90737736,
          -0.35969186,
          0,
          0.46944758,
          0.42031702,
          0.7765003,
          0,
          1.2141323,
          1.0870659,
          2.0082624,
          1
        ]
      }
    ],
    "BC484E36-3B1C-4D84-9631-1CBF335D2B50" : [
      {
        "date" : 749987445.061995,
        "title" : "Untitled",
        "transform" : [
          0.72798,
          -1.08998e-08,
          0.6855984,
          0,
          0.33376983,
          0.8734968,
          -0.35440254,
          0,
          -0.59886795,
          0.48682994,
          0.6358882,
          0,
          -7.0301466,
          5.724098,
          7.4727964,
          1
        ]
      },
      {
        "date" : 749987433.474412,
        "title" : "Untitled",
        "transform" : [
          0.33767983,
          -1.0722032e-08,
          0.94126105,
          0,
          0.43496856,
          0.88682127,
          -0.1560461,
          0,
          -0.8347303,
          0.46211252,
          0.2994617,
          0,
          -2.1439228,
          1.1988829,
          0.77967113,
          1
        ]
      },
      {
        "date" : 749987417.836918,
        "title" : "Untitled",
        "transform" : [
          0.87304616,
          -9.559148e-09,
          0.4876375,
          0,
          0.27844533,
          0.82094383,
          -0.49851713,
          0,
          -0.40032297,
          0.5710088,
          0.7167219,
          0,
          -1.0325804,
          1.4782486,
          1.8527468,
          1
        ]
      },
      {
        "date" : 749987362.203971,
        "title" : "Untitled",
        "transform" : [
          0.80225086,
          -1.0482479e-08,
          0.59698707,
          0,
          0.13045454,
          0.9758322,
          -0.17530912,
          0,
          -0.58255917,
          0.21852155,
          0.78286225,
          0,
          -1.5042245,
          0.5673151,
          2.0247405,
          1
        ]
      }
    ],
    "CEABA6FD-A7A6-4368-A409-D4F6F0B7587D" : [
      {
        "date" : 749987328.430621,
        "title" : "Untitled",
        "transform" : [
          -0.35858697,
          -1.9863283e-08,
          0.93349636,
          0,
          -0.012968519,
          0.9999035,
          -0.004981628,
          0,
          -0.93340623,
          -0.013892449,
          -0.35855228,
          0,
          -2.3907702,
          -0.07831317,
          -0.9466617,
          1
        ]
      },
      {
        "date" : 749987325.061164,
        "title" : "Untitled",
        "transform" : [
          0.76183134,
          -1.31589175e-08,
          0.6477754,
          0,
          0.20046656,
          0.95090944,
          -0.23576336,
          0,
          -0.61597574,
          0.3094692,
          0.7244327,
          0,
          -1.644105,
          0.7516277,
          1.8502848,
          1
        ]
      },
      {
        "date" : 749987320.946112,
        "title" : "Untitled",
        "transform" : [
          0.64702463,
          -1.3236255e-08,
          0.7624691,
          0,
          0.19768359,
          0.9658055,
          -0.16775255,
          0,
          -0.73639685,
          0.25926763,
          0.6249,
          0,
          -1.9464515,
          0.62246853,
          1.5867393,
          1
        ]
      },
      {
        "date" : 749987317.610885,
        "title" : "Untitled",
        "transform" : [
          0.64702463,
          -1.3236255e-08,
          0.7624691,
          0,
          0.19768362,
          0.9658056,
          -0.16775256,
          0,
          -0.7363969,
          0.25926766,
          0.62490004,
          0,
          -1.906366,
          0.661634,
          1.6177275,
          1
        ]
      },
      {
        "date" : 749987311.311359,
        "title" : "Untitled",
        "transform" : [
          1,
          0,
          0,
          0,
          0,
          0.7071069,
          -0.70710677,
          0,
          0,
          0.70710677,
          0.7071069,
          0,
          1.5497208e-06,
          1.8222668,
          1.8353138,
          1
        ]
      },
      {
        "date" : 749987299.726645,
        "title" : "Untitled",
        "transform" : [
          1,
          0,
          0,
          0,
          0,
          0.7071069,
          -0.70710677,
          0,
          0,
          0.70710677,
          0.7071069,
          0,
          1.5497208e-06,
          1.8222668,
          1.8353138,
          1
        ]
      }
    ],
    "F02456B0-AE80-4231-AE81-B12C5617063A" : [
      {
        "date" : 750068910.32796,
        "title" : "Untitled",
        "transform" : [
          1,
          0,
          0,
          0,
          0,
          0.7071069,
          -0.70710677,
          0,
          0,
          0.70710677,
          0.7071069,
          0,
          -0.007272899,
          1.8294196,
          1.828161,
          1
        ]
      }
    ]
  },
  "sceneViewportBackgroundColors" : {

  },
  "selectedSceneRelativePath" : "TrainStation.usda"
}